3 0.172673 0.520179 0.033033 0.053812
0 0.133634 0.414798 0.015015 0.058296
0 0.282282 0.073991 0.018018 0.022422
0 0.141141 0.461883 0.012012 0.017937
0 0.477477 0.318386 0.018018 0.026906
0 0.515015 0.213004 0.015015 0.022422
0 0.285285 0.506726 0.024024 0.026906
0 0.303303 0.152466 0.018018 0.026906
1 0.330330 0.177130 0.012012 0.031390
1 0.448949 0.354260 0.027027 0.044843
1 0.262763 0.383408 0.021021 0.049327
1 0.276276 0.325112 0.024024 0.022422
1 0.156156 0.605381 0.018018 0.017937
1 0.382883 0.197309 0.021021 0.026906
1 0.478979 0.038117 0.015015 0.031390
