3 0.711864 0.501969 0.050847 0.043307
3 0.169492 0.326772 0.042373 0.039370
0 0.546610 0.116142 0.016949 0.011811
0 0.550847 0.116142 0.025424 0.019685
0 0.900424 0.535433 0.012712 0.015748
0 0.487288 0.582677 0.016949 0.015748
0 0.690678 0.153543 0.016949 0.023622
0 0.264830 0.309055 0.012712 0.019685
1 0.877119 0.535433 0.016949 0.015748
1 0.576271 0.135827 0.016949 0.019685
1 0.290254 0.305118 0.021186 0.011811
1 0.451271 0.576772 0.021186 0.027559
1 0.908898 0.734252 0.021186 0.019685
1 0.762712 0.417323 0.016949 0.015748
1 0.781780 0.118110 0.021186 0.023622
