3 0.785106 0.543651 0.106383 0.103175
3 0.131915 0.708333 0.068085 0.059524
0 0.461702 0.375000 0.021277 0.027778
0 0.244681 0.809524 0.021277 0.015873
0 0.229787 0.345238 0.025532 0.023810
0 0.627660 0.757937 0.021277 0.015873
1 0.676596 0.914683 0.025532 0.019841
1 0.604255 0.797619 0.025532 0.023810
1 0.451064 0.412698 0.017021 0.015873
1 0.268085 0.456349 0.017021 0.015873
2 0.182979 0.865079 0.017021 0.039683
2 0.495745 0.380952 0.021277 0.023810
2 0.187234 0.744048 0.025532 0.019841
2 0.265957 0.412698 0.029787 0.031746
2 0.621277 0.807540 0.034043 0.059524
