0 0.496241 0.154545 0.0300752 0.0363636 0.306045
0 0.522556 0.145455 0.0676692 0.0545455 0.370266
0 0.394737 0.418182 0.037594 0.0545455 0.413535
0 0.37218 0.368182 0.0225564 0.0272727 0.413573
0 0.424812 0.704545 0.0225564 0.0272727 0.481485
0 0.511278 0.759091 0.0300752 0.0636364 0.53631
0 0.541353 0.136364 0.0300752 0.0363636 0.563005
0 0.454887 0.345455 0.037594 0.0363636 0.62507
0 0.864662 0.481818 0.0601504 0.0363636 0.625724
0 0.379699 0.390909 0.0676692 0.109091 0.671094
0 0.266917 0.468182 0.0526316 0.0636364 0.744786
