3 0.172673 0.517937 0.039039 0.058296
0 0.282282 0.069507 0.018018 0.022422
0 0.141141 0.461883 0.012012 0.026906
0 0.475976 0.318386 0.021021 0.026906
0 0.285285 0.508969 0.024024 0.022422
0 0.515015 0.213004 0.021021 0.022422
0 0.304805 0.150224 0.021021 0.022422
1 0.330330 0.177130 0.012012 0.031390
1 0.277778 0.325112 0.027027 0.022422
1 0.262763 0.385650 0.021021 0.044843
1 0.448949 0.354260 0.027027 0.044843
1 0.384384 0.201794 0.018018 0.026906
1 0.481982 0.040359 0.015015 0.026906
1 0.156156 0.607623 0.018018 0.022422
