0 0.548327 0.870242 0.011152 0.010381
0 0.269517 0.160900 0.018587 0.017301
1 0.540892 0.787197 0.018587 0.017301
1 0.291822 0.181661 0.018587 0.024221
1 0.273234 0.074394 0.018587 0.017301
3 0.447955 0.792388 0.018587 0.020761
3 0.317844 0.600346 0.018587 0.017301
3 0.384758 0.548443 0.026022 0.024221
3 0.908922 0.384083 0.018587 0.020761
3 0.789963 0.299308 0.003717 0.003460
3 0.882900 0.278547 0.018587 0.017301
3 0.574349 0.240484 0.018587 0.017301
3 0.540892 0.223183 0.018587 0.017301
3 0.340149 0.171280 0.018587 0.017301