3 0.186937 0.672932 0.031532 0.052632
3 0.578829 0.733083 0.031532 0.052632
3 0.051802 0.548872 0.031532 0.060150
0 0.900901 0.349624 0.027027 0.052632
0 0.826577 0.082707 0.022523 0.045113
0 0.139640 0.954887 0.018018 0.045113
0 0.567568 0.255639 0.036036 0.045113
0 0.750000 0.984962 0.022523 0.030075
0 0.529279 0.131579 0.031532 0.052632
1 0.513514 0.793233 0.018018 0.037594
1 0.522523 0.248120 0.018018 0.030075
1 0.801802 0.172932 0.045045 0.075188
1 0.475225 0.203008 0.022523 0.030075
1 0.869369 0.323308 0.018018 0.030075
1 0.193694 0.913534 0.027027 0.037594
1 0.792793 0.187970 0.027027 0.045113
