3 0.172673 0.517937 0.039039 0.058296
0 0.280781 0.071749 0.021021 0.026906
0 0.141141 0.461883 0.012012 0.026906
0 0.477477 0.316143 0.024024 0.031390
0 0.285285 0.506726 0.024024 0.026906
0 0.303303 0.152466 0.024024 0.026906
0 0.515015 0.213004 0.015015 0.022422
1 0.264264 0.383408 0.018018 0.040359
1 0.330330 0.174888 0.012012 0.026906
1 0.447447 0.354260 0.030030 0.044843
1 0.157658 0.607623 0.021021 0.022422
1 0.382883 0.197309 0.021021 0.026906
1 0.276276 0.325112 0.024024 0.022422
1 0.481982 0.038117 0.015015 0.031390
