1 0.8829 0.278547 0.0185874 0.017301 0.26129
1 0.289963 0.178201 0.0223048 0.017301 0.371279
1 0.537175 0.217993 0.0260223 0.0207612 0.381129
1 0.907063 0.371972 0.0148699 0.017301 0.407241
1 0.550186 0.780277 0.0371747 0.0311419 0.43784
1 0.327138 0.602076 0.0148699 0.0138408 0.460633
1 0.342007 0.17128 0.0223048 0.017301 0.463307
1 0.275093 0.0761246 0.0148699 0.0207612 0.466326
1 0.381041 0.544983 0.0185874 0.017301 0.647381
1 0.451673 0.785467 0.0185874 0.0138408 0.678898
1 0.572491 0.235294 0.0148699 0.0138408 0.724021
