0 0.730769 0.402985 0.124260 0.134328
0 0.526627 0.384328 0.106509 0.111939
1 0.597633 0.854478 0.106509 0.156717
1 0.621302 0.791045 0.071007 0.044775
1 0.843195 0.772388 0.053253 0.067164
1 0.576923 0.746269 0.053253 0.044775
1 0.239645 0.727612 0.088758 0.067164
1 0.727811 0.563433 0.106509 0.111939
1 0.872781 0.533582 0.088758 0.156717
1 0.142012 0.514925 0.177516 0.223881
1 0.884615 0.470149 0.088758 0.134328
1 0.807692 0.447761 0.124260 0.134328
1 0.139053 0.440299 0.088758 0.179103
1 0.266272 0.391791 0.106509 0.111939
1 0.511834 0.291045 0.053253 0.044775
1 0.414201 0.119403 0.071007 0.089553
1 0.508876 0.130597 0.213018 0.261194
1 0.340237 0.018657 0.053253 0.037314
