0 0.966443 0.945652 0.067114 0.108696
0 0.765101 0.431159 0.120804 0.108696
0 0.399329 0.275362 0.060402 0.086958
0 0.989933 0.155797 0.020134 0.239130
1 0.526846 0.985507 0.100671 0.028986
1 0.671141 0.952899 0.120804 0.094202
1 0.949664 0.855072 0.060402 0.043479
1 0.838926 0.688406 0.080538 0.086958
1 0.946309 0.699275 0.107382 0.326088
1 0.755034 0.590580 0.060402 0.065217
1 0.375839 0.565217 0.120804 0.130434
1 0.359060 0.471014 0.060402 0.043479
1 0.664430 0.293478 0.040269 0.065217
1 0.285235 0.228261 0.140940 0.108696
1 0.473154 0.159420 0.221478 0.217392
1 0.899329 0.115942 0.080538 0.130434
1 0.734899 0.086957 0.060402 0.130434
1 0.285235 0.043478 0.100671 0.086956
