0 0.129464 0.852632 0.053571 0.063159
0 0.276786 0.760526 0.107142 0.142104
0 0.743304 0.576316 0.066963 0.142104
0 0.299107 0.260526 0.080358 0.078948
0 0.642857 0.205263 0.080358 0.126315
1 0.375000 0.905263 0.026787 0.031578
1 0.593750 0.742105 0.107142 0.126315
1 0.127232 0.665789 0.120537 0.205263
1 0.618304 0.639474 0.120537 0.142104
1 0.520089 0.628947 0.147321 0.205263
1 0.560268 0.539474 0.040179 0.047367
1 0.584821 0.500000 0.053571 0.063159
1 0.645089 0.500000 0.066963 0.126315
1 0.437500 0.489474 0.053571 0.063159
1 0.569196 0.455263 0.040179 0.047367
1 0.225446 0.442105 0.093750 0.157896
1 0.522321 0.357895 0.026787 0.063159
1 0.424107 0.347368 0.026787 0.031578
1 0.680804 0.310526 0.093750 0.126315
1 0.875000 0.242105 0.107142 0.189474
1 0.165179 0.202632 0.053571 0.047367
1 0.147321 0.178947 0.026787 0.031578
1 0.408482 0.168421 0.066963 0.063159
1 0.343750 0.157895 0.133929 0.094737
1 0.691964 0.155263 0.053571 0.110526
1 0.247768 0.113158 0.066963 0.078948
1 0.564732 0.097368 0.066963 0.078948
1 0.439732 0.071053 0.066963 0.078948
1 0.457589 0.044737 0.040179 0.047367
1 0.285714 0.023684 0.080358 0.047368
1 0.613839 0.018421 0.066963 0.036842
1 0.698661 0.010526 0.040179 0.021052
