0 0.433594 0.612903 0.070314 0.096774
0 0.542969 0.528226 0.070314 0.072582
0 0.460938 0.282258 0.093750 0.096774
0 0.570312 0.258065 0.093750 0.096774
1 0.539062 0.887097 0.093750 0.048387
1 0.300781 0.673387 0.164064 0.120969
1 0.410156 0.233871 0.117186 0.145161
1 0.496094 0.225806 0.117186 0.145161
3 0.207031 0.649194 0.117186 0.120969
3 0.511719 0.552419 0.117186 0.120969
3 0.160156 0.552419 0.117186 0.120969
3 0.503906 0.330645 0.070314 0.096774
3 0.550781 0.306452 0.070314 0.096774
3 0.683594 0.245968 0.117186 0.120969
