0 0.659722 0.809211 0.125001 0.197367
0 0.656250 0.651316 0.104166 0.118422
0 0.406250 0.532895 0.145833 0.078948
0 0.364583 0.450658 0.104166 0.098685
1 0.437500 0.822368 0.083334 0.118422
1 0.635417 0.759868 0.104166 0.098685
1 0.656250 0.703947 0.145833 0.118422
1 0.458333 0.608553 0.125001 0.098685
1 0.333333 0.424342 0.125001 0.098685
2 0.572917 0.851974 0.104166 0.138159
2 0.621528 0.792763 0.104166 0.098685
2 0.708333 0.743421 0.125001 0.157896
2 0.635417 0.407895 0.104166 0.078948
2 0.760417 0.335526 0.145833 0.118422
2 0.291667 0.118421 0.166668 0.197367
3 0.552083 0.838816 0.062499 0.059211
3 0.559028 0.532895 0.062499 0.078948
