0 0.658228 0.437500 0.075948 0.066177
0 0.376582 0.360294 0.056961 0.132354
0 0.632911 0.323529 0.075948 0.088236
0 0.626582 0.242647 0.075948 0.088236
0 0.651899 0.209559 0.037974 0.066177
1 0.446203 0.805147 0.056961 0.110295
1 0.177215 0.757353 0.075948 0.088236
1 0.803797 0.742647 0.037974 0.044118
1 0.588608 0.724265 0.075948 0.066177
1 0.746835 0.705882 0.151899 0.088236
1 0.664557 0.676471 0.075948 0.088236
1 0.401899 0.665441 0.056961 0.154413
1 0.898734 0.636029 0.075948 0.110295
1 0.300633 0.639706 0.094938 0.132354
1 0.768987 0.441176 0.056961 0.044118
1 0.743671 0.415441 0.056961 0.066177
1 0.870253 0.382353 0.132912 0.088236
1 0.414557 0.275735 0.246834 0.154413
