0 0.546099 0.941860 0.042552 0.069768
0 0.836879 0.848837 0.127659 0.116280
0 0.567376 0.817829 0.127659 0.116280
0 0.833333 0.515504 0.106383 0.116280
0 0.783688 0.352713 0.063831 0.069768
0 0.741135 0.356589 0.106383 0.139536
0 0.684397 0.337209 0.106383 0.116280
0 0.297872 0.267442 0.085107 0.069768
0 0.677305 0.166667 0.106383 0.116280
0 0.386525 0.104651 0.063831 0.069768
1 0.705674 0.748062 0.106383 0.116280
1 0.226950 0.701550 0.127659 0.162792
1 0.127660 0.546512 0.127659 0.116280
1 0.613475 0.356589 0.191490 0.139536
