0 0.084615 0.657025 0.092307 0.074379
0 0.496154 0.615702 0.069231 0.074379
0 0.303846 0.599174 0.115386 0.123966
0 0.065385 0.549587 0.115386 0.123966
0 0.773077 0.500000 0.115386 0.123966
0 0.257692 0.500000 0.115386 0.123966
0 0.065385 0.446281 0.069231 0.099174
0 0.084615 0.392562 0.046155 0.074379
0 0.596154 0.359504 0.115386 0.123966
0 0.811538 0.202479 0.069231 0.074379
1 0.488462 0.789256 0.115386 0.123966
1 0.111538 0.640496 0.115386 0.123966
1 0.765385 0.413223 0.161538 0.148761
1 0.434615 0.334711 0.115386 0.123966
