0 0.530435 0.577586 0.052174 0.034483
0 0.426087 0.353448 0.052174 0.034483
0 0.643478 0.237069 0.034783 0.060345
0 0.482609 0.508621 0.043478 0.034483
1 0.117391 0.237069 0.043478 0.043103
1 0.356522 0.465517 0.034783 0.034483
1 0.565217 0.336207 0.034783 0.068966
1 0.304348 0.637931 0.034783 0.034483
1 0.595652 0.456897 0.026087 0.034483
1 0.300000 0.543103 0.026087 0.034483
1 0.204348 0.314655 0.026087 0.025862
1 0.456522 0.590517 0.026087 0.025862
1 0.165217 0.189655 0.017391 0.034483
1 0.878261 0.663793 0.034783 0.034483
