1 0.54461 0.780277 0.0260223 0.0311419 0.343682
1 0.881041 0.282007 0.0148699 0.017301 0.358974
1 0.275093 0.0761246 0.0148699 0.0138408 0.427509
1 0.289963 0.179931 0.0223048 0.0207612 0.480592
1 0.905204 0.373702 0.0185874 0.0138408 0.495979
1 0.342007 0.17301 0.0223048 0.0207612 0.550842
1 0.539033 0.217993 0.0297398 0.0207612 0.563985
1 0.328996 0.602076 0.0185874 0.0138408 0.653836
1 0.451673 0.785467 0.0185874 0.0138408 0.700834
1 0.570632 0.235294 0.0185874 0.0138408 0.724493
1 0.381041 0.544983 0.0185874 0.017301 0.763038
