3 0.785106 0.541667 0.106383 0.099206
3 0.129787 0.710317 0.063830 0.063492
0 0.461702 0.373016 0.021277 0.031746
0 0.629787 0.759921 0.017021 0.019841
1 0.674468 0.916667 0.029787 0.015873
1 0.451064 0.412698 0.017021 0.015873
1 0.270213 0.458333 0.021277 0.019841
1 0.604255 0.799603 0.025532 0.027778
2 0.789362 0.551587 0.063830 0.047619
2 0.187234 0.861111 0.017021 0.031746
2 0.493617 0.380952 0.025532 0.031746
2 0.185106 0.746032 0.029787 0.023810
2 0.619149 0.807540 0.029787 0.059524
2 0.263830 0.412698 0.034043 0.031746
