3 0.787234 0.543651 0.110638 0.103175
3 0.129787 0.710317 0.063830 0.055556
0 0.227660 0.347222 0.029787 0.027778
0 0.461702 0.376984 0.021277 0.031746
0 0.627660 0.757937 0.021277 0.015873
1 0.672340 0.916667 0.025532 0.015873
1 0.268085 0.458333 0.017021 0.019841
1 0.604255 0.799603 0.025532 0.019841
1 0.451064 0.412698 0.017021 0.015873
2 0.185106 0.863095 0.021277 0.035714
2 0.795745 0.551587 0.068085 0.047619
2 0.495745 0.378968 0.029787 0.027778
2 0.619149 0.805556 0.029787 0.047619
2 0.185106 0.746032 0.029787 0.023810
2 0.265957 0.412698 0.029787 0.023810
