0 0.285285 0.508969 0.024024 0.022422
0 0.141141 0.437220 0.024024 0.067265
0 0.475976 0.329596 0.021021 0.040359
0 0.513514 0.217489 0.018018 0.022422
0 0.325826 0.154709 0.003003 0.004484
0 0.303303 0.152466 0.018018 0.026906
0 0.285285 0.071749 0.024024 0.026906
1 0.159159 0.612108 0.018018 0.022422
1 0.264264 0.387892 0.018018 0.040359
1 0.450450 0.358744 0.024024 0.044843
1 0.276276 0.329596 0.024024 0.022422
1 0.382883 0.204036 0.015015 0.022422
1 0.331832 0.177130 0.015015 0.031390
1 0.480480 0.042601 0.018018 0.031390
3 0.177177 0.524664 0.018018 0.026906