3 0.780851 0.543651 0.106383 0.103175
3 0.131915 0.708333 0.068085 0.059524
0 0.461702 0.373016 0.021277 0.031746
0 0.227660 0.343254 0.029787 0.019841
0 0.627660 0.759921 0.021277 0.019841
1 0.604255 0.797619 0.025532 0.023810
1 0.451064 0.412698 0.017021 0.015873
1 0.268085 0.456349 0.017021 0.015873
2 0.793617 0.549603 0.080851 0.059524
2 0.185106 0.863095 0.012766 0.035714
2 0.621277 0.809524 0.034043 0.055556
2 0.495745 0.378968 0.029787 0.035714
2 0.263830 0.412698 0.034043 0.031746
2 0.187234 0.746032 0.025532 0.023810
