3 0.713983 0.501969 0.055085 0.051181
3 0.883475 0.533465 0.038136 0.035433
3 0.557203 0.124016 0.046610 0.043307
0 0.713983 0.464567 0.012712 0.015748
0 0.546610 0.116142 0.016949 0.011811
0 0.184322 0.322835 0.021186 0.015748
0 0.264830 0.311024 0.012712 0.015748
0 0.692797 0.153543 0.012712 0.023622
0 0.489407 0.582677 0.012712 0.015748
1 0.911017 0.734252 0.016949 0.019685
1 0.451271 0.576772 0.021186 0.027559
1 0.290254 0.303150 0.021186 0.015748
1 0.762712 0.417323 0.016949 0.015748
1 0.781780 0.116142 0.021186 0.019685
