0 0.177966 0.318898 0.008475 0.007874
0 0.264831 0.312992 0.004237 0.003937
0 0.692797 0.155512 0.012712 0.019685
1 0.913136 0.734252 0.012712 0.011811
1 0.453390 0.572835 0.008475 0.011811
1 0.879237 0.537402 0.012712 0.011811
1 0.762712 0.419291 0.016949 0.019685
1 0.165254 0.340551 0.016949 0.003937
1 0.296610 0.303150 0.008475 0.007874
1 0.783898 0.120079 0.016949 0.019685
3 0.463983 0.584646 0.021186 0.019685
3 0.891949 0.541339 0.021186 0.019685
3 0.720339 0.503937 0.008475 0.007874
3 0.175847 0.328740 0.004237 0.011811
3 0.286017 0.309055 0.021186 0.019685
3 0.569915 0.131890 0.021186 0.019685