0 0.615789 0.973684 0.052632 0.052632
1 0.689474 0.931579 0.052632 0.052632
1 0.552632 0.894737 0.052632 0.042105
1 0.794737 0.831579 0.031579 0.042105
1 0.315789 0.826316 0.021053 0.031579
1 0.852632 0.773684 0.042105 0.052632
1 0.384211 0.773684 0.052632 0.052632
1 0.831579 0.710526 0.042105 0.031579
1 0.636842 0.668421 0.031579 0.052632
1 0.805263 0.636842 0.031579 0.031579
1 0.889474 0.463158 0.031579 0.042105
1 0.131579 0.463158 0.031579 0.042105
1 0.794737 0.436842 0.031579 0.031579
1 0.294737 0.378947 0.042105 0.042105
1 0.231579 0.336842 0.042105 0.042105
1 0.242105 0.200000 0.063158 0.063158
1 0.763158 0.042105 0.178947 0.084211
