0 0.730769 0.402985 0.041420 0.044776
0 0.526627 0.384328 0.035503 0.037313
1 0.597633 0.854478 0.035503 0.052239
1 0.621302 0.791045 0.023669 0.014925
1 0.843195 0.772388 0.017751 0.022388
1 0.576923 0.746269 0.017751 0.014925
1 0.239645 0.727612 0.029586 0.022388
1 0.727811 0.563433 0.035503 0.037313
1 0.872781 0.533582 0.029586 0.052239
1 0.142012 0.514925 0.059172 0.074627
1 0.884615 0.470149 0.029586 0.044776
1 0.807692 0.447761 0.041420 0.044776
1 0.139053 0.440299 0.029586 0.059701
1 0.266272 0.391791 0.035503 0.037313
1 0.511834 0.291045 0.017751 0.014925
1 0.414201 0.119403 0.023669 0.029851
1 0.508876 0.130597 0.071006 0.111940
1 0.340237 0.018657 0.017751 0.022388
