0 0.129464 0.852632 0.017857 0.021053
0 0.276786 0.760526 0.035714 0.047368
0 0.743304 0.576316 0.022321 0.047368
0 0.299107 0.260526 0.026786 0.026316
0 0.642857 0.205263 0.026786 0.042105
1 0.375000 0.905263 0.008929 0.010526
1 0.593750 0.742105 0.035714 0.042105
1 0.127232 0.665789 0.040179 0.068421
1 0.618304 0.639474 0.040179 0.047368
1 0.520089 0.628947 0.049107 0.068421
1 0.560268 0.539474 0.013393 0.015789
1 0.584821 0.500000 0.017857 0.021053
1 0.645089 0.500000 0.022321 0.042105
1 0.437500 0.489474 0.017857 0.021053
1 0.569196 0.455263 0.013393 0.015789
1 0.225446 0.442105 0.031250 0.052632
1 0.522321 0.357895 0.008929 0.021053
1 0.424107 0.347368 0.008929 0.010526
1 0.680804 0.310526 0.031250 0.042105
1 0.875000 0.242105 0.035714 0.063158
1 0.165179 0.202632 0.017857 0.015789
1 0.147321 0.178947 0.008929 0.010526
1 0.408482 0.168421 0.022321 0.021053
1 0.343750 0.157895 0.044643 0.031579
1 0.691964 0.155263 0.017857 0.036842
1 0.247768 0.113158 0.022321 0.026316
1 0.564732 0.097368 0.022321 0.026316
1 0.439732 0.071053 0.022321 0.026316
1 0.457589 0.044737 0.013393 0.015789
1 0.285714 0.023684 0.026786 0.026316
1 0.613839 0.018421 0.022321 0.026316
1 0.698661 0.010526 0.013393 0.021053
