0 0.966443 0.945652 0.040268 0.036232
0 0.765101 0.431159 0.040268 0.036232
0 0.399329 0.275362 0.020134 0.028986
0 0.989933 0.155797 0.020134 0.079710
1 0.526846 0.985507 0.033557 0.028986
1 0.671141 0.952899 0.040268 0.036232
1 0.949664 0.855072 0.020134 0.014493
1 0.838926 0.688406 0.026846 0.028986
1 0.946309 0.699275 0.080537 0.108696
1 0.755034 0.590580 0.020134 0.021739
1 0.375839 0.565217 0.040268 0.043478
1 0.359060 0.471014 0.020134 0.014493
1 0.664430 0.293478 0.013423 0.021739
1 0.285235 0.228261 0.046980 0.036232
1 0.473154 0.159420 0.073826 0.072464
1 0.899329 0.115942 0.026846 0.043478
1 0.734899 0.086957 0.020134 0.043478
1 0.285235 0.043478 0.033557 0.043478
