0 0.433594 0.612903 0.023438 0.032258
0 0.542969 0.528226 0.023438 0.024194
0 0.460938 0.282258 0.031250 0.032258
0 0.570312 0.258065 0.031250 0.032258
1 0.539062 0.887097 0.031250 0.016129
1 0.300781 0.673387 0.054688 0.040323
1 0.410156 0.233871 0.039062 0.048387
1 0.496094 0.225806 0.039062 0.048387
3 0.207031 0.649194 0.039062 0.040323
3 0.511719 0.552419 0.039062 0.040323
3 0.160156 0.552419 0.039062 0.040323
3 0.503906 0.330645 0.023438 0.032258
3 0.550781 0.306452 0.023438 0.032258
3 0.683594 0.245968 0.039062 0.040323
