0 0.659722 0.809211 0.041667 0.065789
0 0.656250 0.651316 0.034722 0.039474
0 0.406250 0.532895 0.048611 0.026316
0 0.364583 0.450658 0.034722 0.032895
1 0.437500 0.822368 0.027778 0.039474
1 0.635417 0.759868 0.034722 0.032895
1 0.656250 0.703947 0.048611 0.039474
1 0.458333 0.608553 0.041667 0.032895
1 0.333333 0.424342 0.041667 0.032895
2 0.572917 0.851974 0.034722 0.046053
2 0.621528 0.792763 0.034722 0.032895
2 0.708333 0.743421 0.041667 0.052632
2 0.635417 0.407895 0.034722 0.026316
2 0.760417 0.335526 0.048611 0.039474
2 0.291667 0.118421 0.055556 0.065789
3 0.552083 0.838816 0.020833 0.019737
3 0.559028 0.532895 0.020833 0.026316
