0 0.546099 0.941860 0.014184 0.023256
0 0.836879 0.848837 0.042553 0.038760
0 0.567376 0.817829 0.042553 0.038760
0 0.833333 0.515504 0.035461 0.038760
0 0.783688 0.352713 0.021277 0.023256
0 0.741135 0.356589 0.035461 0.046512
0 0.684397 0.337209 0.035461 0.038760
0 0.297872 0.267442 0.028369 0.023256
0 0.677305 0.166667 0.035461 0.038760
0 0.386525 0.104651 0.021277 0.023256
1 0.705674 0.748062 0.035461 0.038760
1 0.226950 0.701550 0.042553 0.054264
1 0.127660 0.546512 0.042553 0.038760
1 0.613475 0.356589 0.063830 0.046512
