0 0.084615 0.657025 0.030769 0.024793
0 0.496154 0.615702 0.023077 0.024793
0 0.303846 0.599174 0.038462 0.041322
0 0.065385 0.549587 0.038462 0.041322
0 0.773077 0.500000 0.038462 0.041322
0 0.257692 0.500000 0.038462 0.041322
0 0.065385 0.446281 0.023077 0.033058
0 0.084615 0.392562 0.015385 0.024793
0 0.596154 0.359504 0.038462 0.041322
0 0.811538 0.202479 0.023077 0.024793
1 0.488462 0.789256 0.038462 0.041322
1 0.111538 0.640496 0.038462 0.041322
1 0.765385 0.413223 0.053846 0.049587
1 0.434615 0.334711 0.038462 0.041322
