0 0.658228 0.437500 0.025316 0.022059
0 0.376582 0.360294 0.018987 0.044118
0 0.632911 0.323529 0.025316 0.029412
0 0.626582 0.242647 0.025316 0.029412
0 0.651899 0.209559 0.012658 0.022059
1 0.446203 0.805147 0.018987 0.036765
1 0.177215 0.757353 0.025316 0.029412
1 0.803797 0.742647 0.012658 0.014706
1 0.588608 0.724265 0.025316 0.022059
1 0.746835 0.705882 0.050633 0.029412
1 0.664557 0.676471 0.025316 0.029412
1 0.401899 0.665441 0.018987 0.051471
1 0.898734 0.636029 0.025316 0.036765
1 0.300633 0.639706 0.031646 0.044118
1 0.768987 0.441176 0.018987 0.014706
1 0.743671 0.415441 0.018987 0.022059
1 0.870253 0.382353 0.044304 0.029412
1 0.414557 0.275735 0.082278 0.051471
